0.408838414
0.12779723
0.447079902
0.033008783
0.363595621
0.054420613
0.360227082
0.533098014
0.462705307
0.261921521
0.514692861
0.305457877
0.678149196
0.306918839
0.416912309
0.580007861
0.453488206
0.570239094
0.366467561
0.87624812
0.715779316
0.998917868
0.699321924
0.123298863
0.023717022
0.434882377
0.052963899
0.578054952
0.200404557
0.747758245
0.960135878
0.517929555
0.726797051
0.655874083
0.505570628
0.654683207
0.420049085
0.792805759
0.028616804
0.094583111
0.743789235
0.550535158
0.280120763
0.395695459
0.003959751
0.070675415
0.924086178
0.6411332
0.908615313
0.723987052
0.944593489
0.016188401
0.027651228
0.354142122
0.65206688
0.468200014
0.384041784
0.864036822
0.0454655
0.467214066
0.087383401
0.763085611
0.69429242
0.039778752
0.865929204
0.409273006
0.522365099
0.294430486
0.734876088
0.448317541
0.743444932
0.380583966
0.545818322
0.87438722
0.551589053
0.108119106
0.515683727
0.690140158
0.831432201
0.19899866
0.958681621
0.850777653
0.422178891
0.005088666
0.116694629
0.084878071
0.305447821
0.671462304
0.650235905
0.621979407
0.708953167
0.147395723
0.376324019
0.494408792
0.909001796
0.058797755
0.596252099
0.786496306
0.038782739
0.528586256
0.58373583
0.138539618
0.205752617
0.83244989
0.607786905
0.749590395
0.225009263
0.74807087
0.985930195
0.87932574
0.234917381
0.333410772
0.24788082
0.64237038
0.142385987
0.336199769
0.031192116
0.838686645
0.363725469
0.613634154
0.364284785
0.615028002
0.061294019
0.159002044
0.15286849
0.905013668
0.284777432
0.732245876
0.95842934
0.035990822
0.896510549
0.620469784
0.202824888
0.073962788
0.555951111
0.52202487
0.283453005
0.768433992
0.277124565
0.840613901
0.618109486
0.583842704
0.644668097
0.706545384
0.066467295
0.867309176
0.891325365
0.260224096
0.922483269
0.583390312
0.82508767
0.412218105
0.558736059
0.788887722
0.935668943
0.286592298
0.916692575
0.089156554
0.797376902
0.465047866
0.691882821
0.959266363
0.679654746
0.46146931
0.939684704
0.854678993
0.016075712
0.112869502
0.466704717
0.859438813
0.929718702
0.617080361
0.731684833
0.581052205
0.152279485
0.966584393
0.473084213
0.770686581
0.151812518
0.723757437
0.401369325
0.091875749
0.840961158
0.314590854
0.252641556
0.512407073
0.44488025
0.373844352
0.987520777
0.591593158
0.402824002
0.87289819
0.81677296
0.893244896
0.814268335
0.977652791
0.076474033
0.986848362
0.897820362
0.767286166
0.849344826
0.727991868
0.904606513
0.388546582
0.601971985
0.681560807
0.074089679
0.359287159
0.991370026
0.837398993
0.673627029
0.846340374
0.619225034
0.353941323
0.41700905
0.436747916
0.173938902
0.726173713
0.4915559
0.535098935
0.51515857
0.243842182
0.774339328
0.223874467
0.800363004
0.419862008
0.593326651
0.090952324
0.490189655
0.382742252
0.554213081
0.51621087
0.568675051
0.281848873
0.701335871
0.225685033
0.956557022
0.723929273
0.996420763
0.264350299
0.881334969
0.833018639
0.387867127
0.395234524
0.899343174
0.798480358
0.210021272
0.334401623
0.716177091
0.251104311
0.673219787
0.426837074
0.58096775
0.224870254
0.493650618
0.4308965
0.247188922
0.157369448
0.113679573
0.716239313
0.864948776
0.97316412
0.623392726
0.128777451
0.675545929
0.4636525
0.635192222
0.734642483
0.776300518
0.623520379
0.644177715
0.037213057
0.957627734
0.287762502
0.234238422
0.453396926
0.521846071
0.827193706
0.274411258
0.978077394
0.055740821
0.933743046
0.801966876
0.594483021
0.72158723
0.843160399
0.982248213
0.805294878
0.366129981
0.473564942
0.668863606
0.200803182
0.178894261
0.28213068
0.726595421
0.006187253
0.585277263
0.605017363
0.926356409
0.750360985
