0.423657275
0.61702244
0.7326808
0.869939278
0.91553415
0.185617597
0.518456496
0.226085471
0.814061693
0.37699233
0.663832646
0.91789673
0.580113124
0.674217301
0.889315841
0.324326387
0.300099381
0.667478983
0.536676418
0.340936523
0.756476824
0.008981164
0.724736556
0.720424563
0.25386446
0.639875563
0.609039946
0.560499774
0.830495623
0.166851253
0.016005128
0.058181694
0.466439597
0.01645047
0.650354049
0.442120886
0.408741342
0.995324995
0.366846573
0.969228973
0.089686824
0.400278731
0.147579708
0.736549957
0.18867253
0.354696822
0.844496543
0.327452695
0.671472515
0.25847754
0.667126591
0.839359829
0.300302993
0.424732538
0.106827224
0.162882683
0.315296392
0.287021378
0.478343412
0.661309136
0.927878885
0.338269219
0.774377325
0.93038161
0.044094358
0.922896938
0.532061588
0.188474268
0.527698927
0.199601948
0.294767373
0.216578251
0.249766128
0.420979049
0.59164474
0.384397104
0.141939931
0.872834818
0.34046141
0.081399118
0.050575703
0.771722232
0.731472374
0.428751216
0.149505222
0.182736602
0.600230475
0.31572554
0.64162208
0.603356512
0.965849727
0.598929068
0.924604172
0.456452749
0.094499861
0.560606934
0.617334702
0.482533184
0.979479984
0.782723564
0.932022631
0.194320296
0.64232009
0.872946063
0.844184742
0.180900234
0.357889703
0.050452557
0.749701693
0.314037918
0.12578984
0.250484089
0.080395308
0.707958607
0.84676022
0.633702023
0.314250485
0.812908252
0.732698481
0.688423174
0.338139255
0.837490858
0.364954608
0.628573587
0.169020134
0.650664727
0.939902691
0.180688352
0.741348109
0.854318264
0.237208602
0.41310991
0.642379673
0.610954409
0.25345587
0.707139543
0.41328573
0.457347544
0.654156058
0.151696916
0.618801289
0.87021521
0.697098322
0.223842858
0.769165352
0.388306976
0.127785098
0.556607791
0.471004609
0.18688161
0.442613227
0.648206626
0.287603708
0.008411024
0.637871107
0.520239071
0.471321574
0.572980105
0.184545511
0.595084749
0.378305364
0.829299943
0.436887324
0.900440706
0.591880555
0.02247265
0.275011632
0.36815091
0.985585244
0.871440688
0.586774715
0.081420081
0.053524312
0.801591088
0.394382692
0.519750879
0.858222904
0.424892223
0.27382543
0.763540281
0.202618961
0.58709482
0.671783859
0.42465986
0.699395303
0.539307779
0.572559341
0.65597592
0.12235556
0.588753324
0.378055322
0.298384012
0.941125614
0.956652511
0.262296077
0.463326365
0.901567209
0.007875056
0.725122004
0.004122302
0.360201196
0.079049839
0.014903414
0.769090565
0.690165189
0.346116326
0.716256939
0.21490496
0.505716274
0.823282889
0.605000232
0.355770502
0.892984268
0.974858099
0.590971803
0.267197345
0.631294885
0.396335091
0.334198876
0.13463352
0.045600775
0.588234641
0.766399562
0.861478995
0.277445601
0.946672875
0.461210485
0.093536724
0.308900209
0.28220251
0.582999197
0.712867319
0.828777359
0.531676638
0.62266807
0.169021802
0.3357962
0.530918271
0.542303415
0.209854182
0.768223478
0.708087256
0.555696654
0.810740126
0.968545176
0.929992538
0.184629004
0.162765094
0.793845864
0.712925471
0.69477455
0.377331714
0.009873298
0.963207277
0.456383332
0.75674767
0.689716659
0.264858683
0.968210103
0.356108705
0.824602804
0.731472483
0.674537847
0.797550285
0.707575348
0.633341555
0.72218897
0.989826415
0.146399655
0.880376458
0.100315194
0.241729024
0.434884523
0.712397663
0.444800359
0.630504159
0.210290531
0.813656268
0.65292676
0.535349714
0.244655871
0.305975734
0.033483423
0.78324053
0.670323375
0.251983949
0.207884289
0.734407279
0.349188457
0.164793493
0.467721622
0.705192213
0.037633953
0.607048568
0.798438265
0.778633532
0.434461715
0.420230865
0.040824015
0.405185502
